Jdmffw 111· mummi m 11111111 11111111111111111(
haltung 11111111, 1111 111111 111111111111 1111111111111111111111111
mmor 111 laben 1111111. 1111111111 11111 111 111 1111111111 1111 111111111-
1111111 0111111111 vird 111111111111111111111 11111111 wudu 111·
111111111111111,Ι ,

1111 1111111111 11111· 1111111ιί11- 1111 111111111111111111 111111-
111111111111811111111111111111111111 1111111, 111111 11111 111 wem
111 1111111111 11111111 111811111111111111 1111111111. 1111111111111111111
0111111111(111.1)1111111 111 1111111111 1111111111 1111 111-
111111111111 1111111,17 ..11111111111-(111111111 111 mmmmm ’
11 1111111111 11 111111 und 111 1111111111 1111111111 111111 1111111.

Ι 111 Vanum 111 1111111111111111111111111 1111 mm 1111111.

’ ’01111111 1111111111111111111 1111 1111111111 1111 1111111111111
1111111111111111. ι1111111111111, 111111 111111111111111111111111111 ι
1111111111, 11111 1111 1111 111 01111111 111111 1113111111 1111111. 1111
moro 1111 111 1111113111111111111. Die 111111111111111111111111111
1111 11111111111111111111,111 1111111111 1111111111111 11111111111111
. ordnung 1111 1111111115111111111111111111111111131111111.11111-
11111 111111· 111111 11111111 1111111 1111111111 11111 111111 11111 (11111111-
11111) 111 11111 1111111(1111111111111 1111111111) 1), 1. 1. 1111111111111
111111111111111111 11111 genten 111111 111 1111111111111111111111,111
murmurem, 1111111111111111 1111 1111 111111111111111,111 11 111
1111111111 111 111 11111111 1111111111 111 111 1111111111113 11111 111 11111-
lmen 11111 ’11111111 (11111111 gub Ja 111 11111111 11111 111 11111111
111111 Auum-ng, 1111111 111111111111 11 111 111 1111 11111111 111 (11111111
’11111 1111 so 1111111 111 1111111111111111111 1111 11111111111111111
111111 1111111111 111 11 111 1111111111111 111111ι111(1ς1. 1111111 111111.
B· 1. 138). 81111 11111111 111 1111111111 gehen 111 1111111111 11111111-
1111111 1111 11111111111, 111 11111111111111111 111 1111111111 (1111111

- · 111 11111111111111111111111111111111111111,1111111111111111111,11111

11111111. 111111111111111111111 1111111 111111 11111111111111 1111111111
111111111111111 1111111311111 1111111111 111 1111111111111111111 111111. Es
1111111111 1111111 gemae 11 11 11111111 mit 1111111
»111 1111111111 111111111111111, 1111 1111111111 8111111 111 1111111111 111

Mem 111111111111111111111111111111111111111111111111. 111111111- ·

111111 111 1111111111111 11111 1111111111 nnn, welche, 111 11 111 Dogma.
1111111 111 1111111111 91911 111 1111111311 111 1111111111 1111111, 91911

m

'¹ ¹) wie 1711111 (111. 1111111 7 11111111111111111) hemerin, Ι111 11 111 111111-

aetion gogen 11111111111 111111111111111111 1111111111 1111111111, 1111 111
· &mamb 1111111111111. ³. 1. 1. 111, 11111111111111111 11111 11 dem 11-
. 11111111111111111111 1111111, 111 11111111111111111111111111 1111111111

· mollem 111111 111111111111111111111111111111111111 mma hut

 

