m

'm 111ἡ111 in 111 mmmmm bt, 111 mum 111 111 111
11111 1111111111 111111 gogonem 111111111111.111111111111111υ111 11111, 11-
Jmn 11111 1111 mitre 11111· 111 Imm mm, 11 1111111 111 111111
1111111111111· 111 mannanhun ς111111 m· 111111 1111111 1111111111
111 manum 1111111, 111111 tranum 11 Anum-unkun nn 11111111
1111 vnn 111111, 1111 almucia 1 181 11111111. 111 1111111115 lut, 111111111
111111111111111111 111 1111111111. 11111 1111111111 1111 11111111111111, 1111
111111111 nugo 1111111111111111111 111 1 111 1111111111, 111 1111111 nun
1111111111111111111111111111 vnn ,11111111111111111111111111 11111111 1111111
·- 1111 111 11111111111111111111 1111111111111 111 1 111 1111111111 11111111 111-
1111111 1111111111.

¹⁸) fimum 1111 8. ont. 1811 ς. 11, 11. 1111111111 5 m.

¹¹) welennn tngnng 111 1111111111 1111, 1111111 1111 1111· 111 1111111111 11111111·
1111111111, 11 11111 111 11111. pm ,111 eccl. 1111 111 111 mum confingo
111111111111 111. 11111 noim 1111111111 111, 11 111 1111111111 111 11111111
111 1111111111 monn (1 ’1 111 111. ς. 11 onon), 111 111111111111111 111111111,
11 11111111 111111111111111. z. 1. 111 11111 nugor 1111111111 ‘auhuman

„wir . . . . 11111-111111111111111111, 11111 11111 11111 1111111111
L 1111111 (111111111111 1111111111, 1111111111 1111111111. 18. 1111111111 1811
11111111αέ11μῶ11.1111111)11111111.....111111 ...auum ..
. ..murm-nm ....,11111111111111111111111111111111111111η
111 111111 -υ = ,

111 11111 1111111111 111111 11111111 1111

(1, 11 11111111111111.)

111 11111311 1111111111 gamen, 111 1111 mnenon 1111 111 111 11131111 -
1111111111 11111111111111 111111 11 111111, 1111111111 111 111 111 11131111
11311 111 111111111111111 111 1111111111 1111- 11111111 1111111111 111 1111111
11 11111111, 1111 11111111111 1111111111 111111111111111111111111111 11111.

111 1111111 Wegnn.
111111.

(11. 1181111111111111111)

ητ- 11111 1111111111111111111111 111 11111 1111111 11111111 11111111-
111111111111111 — 111 11111111 ·— 111 1111111111 111- 111111 (1111111111)
11 1111111111, - 111 11111111 111 111111111 1111111111 11111 11111111111111111
nn 11111111, - 111 1111111511 111111 11111111 111 1111111111 11111111111111111111
111111111111111111111 11111111 111, 111 11111111911111111111111 1111 111
11111111 mengun unmnnnlgen 1111111111. Ν. 1111111111, - 111 1111111111.

(111. 11111111111111) ,
‚,- 1111 111 111111111111111 111111111111111 - 111111. . . 1111111111
1111111 11 11111111, 111111 ’111111 vom Tnge 1111111111111111111111111111-
. 1111 1111111 411111 111111111111117111111111 11118. 0111111 1111, 111
111111111111111111111111111 11111ιηί11511 111 1111111111, 111 1111111 n. 1.1.“
1111111 1111 nun 11111111111111111111 ln 1111111111111111111111111111111.
1111 1111111111 11111111 nnn 111111 1111111 .
, ,,- 11111111111111. . . 11111111, 1111111 nnn Kligen angemgonon 111
τοι Beuum 111111111111111111111 11111 nn 11111111
,. ,111 1111111111, 1111 a 1111111111 111, 1111111111111111111111111,
1111 111 n. 1. 1.
111 1111

111 111111111111111111111111 1111 11111 111111 111 1111111111 111 11111 111 1111 ⁸
1111111111, 111 111 1111111 111111 1111111111 11 mon gon-nen, ω·

 

