1111 dmum 11111111111111 su 111111, also 11 1111111111, w 111
1111111111 11111111 (z. 11 1111111111 111 zu 1111111111 uber 11111111111111ἶ
Pauka, 1111111 u, 1111111 1111111 1111 1111 111 1111111111 1111111111
111, 11111111 111 Promrdnung (1111· (111 111111111111111111111) 11,
voltu 11111111111111111111 11111111111111, 1111 jedes (1111111111 111111
1111111111 1111111111 111 11111 11111 1111111 1111. 111111111111111
111 111, 111111 111 1111111111 1111111111 1111111. 11 1111111111111111
111111 1111111111111111. 111 111 111111111111111111 111 1111111,-
11111 (111. 11111111111111111111111111111111), 11 111111 11111 11 111
mathaeum 1111 zu 1111111, 111 adorearum 11111111 1111111111 111111
111 1111111111 genum 1111111. ⁴⁰)

111.1)111111111Ρ11111111111 1111111111111111111 1111111311 werde, 10) ,

1111 1111111111111111111111111111111, 1. 1. 111111111111 (11111111, 811-1
1111, 11 welche 1111 1111111 11111111 11111111111111111 gehuge· 111111,
111 Fulge 111111 uertente (1111111111) neunt 1111 [minuensve. 11111111
111 11111 11111 111 (1111111 111 0111111111 1111111, 111 111 1111111111111
111111ρώ1111. rur 111 111 1111111111 111 111 111111111111111111111111
1111111111111 11311111111111 111111 111111 111 111111, 1111 far alle die
111111 Imm 111 1111111111111111. Die (1111111111111111 111 1111111111 sollte
11111 11111111111111111, voluho 1111111 111 &eunden 11111111111111, 11111
1111111111 (1.1. 11 9111111111 1111111111)11111111,ι1. g. judicor 111 par.
11111, 1111111111 werden. 11111111111111111 111 11111111111111111111111111,
11 1111 es 11111 81111 111Ρ1ρε111 111, 1111111111 111111111111111
11111 1111111111 11111111, 1111111 11111 111 11111111111111113 1111111111
11111111. Eia 11111111111110111111111111111111111111151) 1111111111
111111 111 11111 111111111111111111111111 1111111111, 11111111 1111· 111 1111-
1111111111111 1118111111 - 11113, 11111111 - 0111111, 1111 01111111
- Wien. ’
11111111111111(111111. 1. 18011. 111 111111 11 11111111 111111
1111111111) kun 111 mmmm 1111 111111111111111111111111111.
111 111 niumm 111 11111111111111111 1111111111 111111-
1111, dass 11111 1111111111111 1111111111111. 1111111111111 1111111111
11, 11 uberhaupt 1111181111, 111 111 es sich 1111111, 111111 1111111111 11-
1111111111, 111111111111111111111111111 111 11111111111 Bodingungen 11-

11111 1111111, 111 walchen 1111111111 111 cognition 111 11111111 1111111

11111111 111111. ’
111. 111111111111111111111111111111 1111111111111111111111111

11111111111151 jedoch ist 111 1111111111 (1111111 11111 1111111111 111-
11111111111 111 11111111111111 111 1111111111 1111111111 1111111111. 111 111
11111111, vlo 11111111111111111 1111111111111111111111111 11111111111111
11111 111· Meropem hommum nur 111111 111 Metropolim-Ehe-
1111111 1111 1111 uber 111 81111511-1111111111111 111 1111 Superiora& 11
111111 Ρ111111111111 1111111 Instant, 1111111 111 [11111111 1111111111
011111111βί111111 1111111111 1111111111. Η111111 folgt, 1111 111 111111-

 

