11)111111111....111111111111.1.

ι’)11111111ι11·11.Χ. 11 11111111111111111 11. 21,11111111 1. X ΧΧ1111. 111, 111
1111111111011111111111111.

⁸⁸) c. 11. Χ. 11 1111 et 11111. 11. 27, 1. 1. 11 11111111. 11 11ο 11. 11. -·· 111111 1111
ι Β. (nich 11111111 11111111) 1. 111. Χ. 11 11111. 11 11111. 11. 1, 1) 1111 1111111111 11
futuro 11111 111111111111 copula 11111111 11 1111111111111111. 111111111 1111111
.1.1.Χ. 11 111111. oppon. lv. 1, 1111, 11111 111111111111111111111 11111 1111111111
111111111111111111111, 11111111111 111111 1111111111 1111111111 1111111 11111111,
111 1) 1111 1111111111 0111111111111115 111 Solum 1111111111 1111111311111111111
111111 11111111 1111111111 lustr. ς. 11, welche 11111111111111. 1. Χ. 111. 1. 11
Χ. 111. 11111111111111111,,111111111111“ berum 11111 11111111 S. 110 -11) 111
111111 1111111111 1111 1111111111 11111111 1111111111 111 11111111 1111111111 11111111
1111111111 s. 220. - Eine 111111 11111111 1. 1. Χ. 111 1111111. 11111111 1111111111. 11.

1111111 praesumem 1111111111, 1111 11111 1111111111 111111. 1111111111 111
Fulge, 1111111111111 1111111111111111 11 bostelen, 1111 111 111 11111111, 11
11111 1111 111111111111111111

⁸⁴) 127. Χ. 11 1111 11. 21, 1. 12. Χ 11. 21. ,,1111111 1111 1111111111111111111111111
11111111, 1111, 1111111111 A 1111111, quun 11111111 mpetu, 11111111111111,
11111111111 1111111111 mmmm 111111 1111111 mem, 1111, pum 11·
11111111 1111111111 1111 1111111111 1111111111, 1111111111111 1111 1111111 11111
11111111,11111ι 1111 1111,11 111111 11111 1111111111, 11, motmunt, 1111111111,
ιιι uu mm amantor, 11111111,111 ot 11 »aab 1111111 nm 11 unu· 11
1111 1111111111, 11 11111 1111111. con-aunum 1111 tumr 111111111111, 1111 11
1111111111111111111111111111111 commem· 111111 mm 1111111 111
11111111, 111 111111, 111 111 11111111 11111111 1111111 1111 1111111 clun, 11111111
1111 111 11111111 1111111111* .

⁸⁸) 1111 11111111 11111111 111 0111111 1111111111 11111111111111111111 111 1111111111-
111111111 111 11111111111111111.11111111 1111111111 11111, 1111 111 11111111111·
111111111 sogn- 1111111111 11111111 0111111111· 111111111111, 1111111111-11111·
11111 111111 11111111111111 1111111111 8111111 11111111, 111 0111111111111 1111111111
1111111111111111111111111111,111111111111111111111111111511111. 11111 11111111
1110111111 1111111111111 eulmen, 11 1111111111 111-111111 11111, 111111 1111111
1111111111 111 1111111 1111111111 111111 111 11111111 11111111 (1. fulg. Annorum). 1111

, 1111111111 1111111 ,1111111111 non 19111111111111111 1111111111 1111111151 8111111, 11
’ 1171)11.11.1,1.22,21,Χ.111111111,110.Χ.11111111111111111111,1
Χ11111111311111.21,1.12,11.11111111.1’.11,1.11111111111111111211

*1)(31 111. Χ. 11 probat 11 11 1,27.Χ. 11111111 211.1.11.Χ.1111111111111121
1. 8. Χ. 11 11111111. 111111. 111. 2., e. 27. Χ. 1111111. 11 1111111. 1., 1. 5. X 11
1111111. 1111111. 1 111.

ιι) um 11111111 s. 111 1. vast 11 oum 1 11 Mu

 

