711

“m ς1111111111.ς.1111111111,1.11 1111111111, 11111111111111111111, 1111111111
11111111111111111111 111111111111111111. 11111111 gehon 111 1111111111 (1111.

· 1111111111) Amnem 1111. neuportum, 1. 11111111111, 1111111111.1.1., 11111111
1111111 11111111 gebennen 111, 111 111 111111 11111 1111111 11111111 11111111.

111 kann 1111111111111, 1111 1111111111 11111, 1111111111111111111111111111111

’ 111 1111 11111111 11111111111111101111111111111111 11 11111111111111111111111,

1111111 11111111111131111 1111111111111111111111 1111111111 111111111111 1111111111

111, 111111 rnen 1111 11111111 11111, 1111 11111111 111 111 1111113111111111111111111-

“ proeesse! 11111111111111111111111111, und 111 1111111111111111 111111 1111111-

111111 111111111 11111111111 1111111111 11111 111 11111111 111 11111 Ahgnnge

11111 11111111111111111111111111111111111, 1111 11111111 1111, 1111 11111111111111

11111111 611111111111111111 1. 1. 1, 1111111111111111111111111111. 11111 [111-

“’ 111111 1111111111 11111 1111 11 111111 111111111111, 1111111111111111111111 in
praktiscleer (111111111111111111, 11111 11111111 1111111111.

⁸⁸) Neon 1111111111 11181111 1111 111 111111111111111111111111111 11111111 111111
, en 1111 11111 011111111111111111 11111111, 111 11111111 111 111111111111111111
. mehemet 111111111111111111σ111. 11111111111111111111111 Elea 111 1111111111
11111111 11111111111111111111 111111 111 11111111111111111111111111111
111111 1111111. 1111 1111111111 111 111111 11111111 1111111111 111111 Genu m.

qn. 1. 111 111 einzelnen stenen 1111111. 1111111111111 11. 21.

⁸¹) c. 11. x. 11 11 111 ωμ1111111. 1³. 1111111111 111 31111111111111111 1882 1.

&munniz mm (emungo 11ἰ11ὶ1111ὼ1111ἐωῖι :110 111111 1111111111ω161ω·ι =
11 1 1 g 1 1 1111 ung 111 111 nr 1 mirariue

111111-11111111111), 11111 1111 111 11111 111, 111 dem Bide 111 1111111111111111

(dem 11111111111111111) 1111111 111111111111111118. 11111.,111111111111111

111 11111111 1111111111111111111 1111111111111111 111 eber 111111111111111-

· 11111. 11111111 11111 111111111111 11111 1111111111111111111111 1111111,111111
11111 111 111111 Ε111111111111111 111 0111111111, 1111111 111 11111111 111111111-
lmen 11 jener ,11111111 111111111111111. 1111 11111111 11111111 111 0111111111. 1.

0. ι’ S. 186 11 ¹2³ vrbe 111111111111111 genesen, 1111· 11 11111111 111111111-
gemet 11111, weil 1111111111 111 1111111111111111111111111 111111 111111 111111 .

ι11111. x, 11 transactionibus 1. 31. „Poteris 111111 11111111111111 interponere
111111 tuen, 11 interdurn 1111111 1111111111 detrahere, 11111, 11111 1111111 1111-

. 1111111111 11111111111111111111111111111111111111, 1111111 expedire: excepere 11·
1111111 1111111, 111111111111111111111 1111111111111 1111111111 111 1111111111, 11-
1111 conluuie· encra 1111111 11, quod, 11111 111 11111111111111111111111111,

111 111111 1111 11111111 11 1111111111 11111111, 1 1111111111 11111111 11111 11111 re·
1111111111 1111111..“ 111. 1. 11 11 integr. 1111 1.41.-,,...11 11111111111111 qnoque,
11111111 111 1111111111 nenne, 11111 11111111 11111111111111, 1111111 1111111 11111111.“
-Pnemv 1111111111 111 1111 111 m 111111 1111111111 S. 119 Ι. Wenn 11111111
1111111 ι 171 111111 111 1. g. 1111111111111111 1111111· 1111111, 11 1111111·

. Ι 11111111111111111111111111111. 1111111111111111111111111111111111111111111-
sermon, eundern 111 111111111111 1111111111111311μ111 ς. 170 111 1751111111.

, 11111 111 111 11111 11111111 31111111111111 1111 11111111 12111111, 11111111 11111 111
1111 111 11111111111111111 (111 1111111151) 11111111 111111. 111111 1111121111.
13111111111111111 S. 17011111111111111. 11111 111111, 1111 11 1111111111,,11“11
ΕΜ dee 111 Ehe 1111111111111011111,“ 1111 111 11111111, 11511111111111111111111

, 11111, 111111 1111, 1111 1111 111 111111 vom 11111111 eufe'rlegten 11111111 111,
111111111111111111 11111111111111 111111111111 1111111111. sorana 1111 11111

“ 'ein 1111111111 11111 1111111 11111 111 1111111111111111 (11111111111111 [leun 111
1111 „nrm 11111111 einer Umtandee, 1111 1111111111 111111111111111111111111
· 11111 1111 111 11111· erud 1111111111, 111 welcher- 111 1111111111 111· 1111 11111111,

 

