xm

[11111111 1111 1111 1111111111311111, welche von 11111111 1111111111
untertana· vor 111111111111111 111111 (11111111 1111111111, (11111 1111111
1111111 31111111111 1111111, (111111 11111111 (11111111 des 1111111, wo 111
1111 ιιιι 1111111111, 11111 1111 (111111111111111 (1111111111 3111111111.
9111111111 1111111 1111 111111 11111 (111611111111111111111 111311Ιί1111

11111111· 111 11111111 111 31111111111111111111. welches 111111 111111 111 ,

11311113 1111111, 111 111 111 111311111111111111111111111311 111111111311111.
11111111 vm.
Wenn ciue 11111111111111111 111111 (1111111111) 111111111111111111

111 dem 11111111111 111131111111 (1111111111113 11111111, 1111 1111111111113, .
In 11111111111111, 1111 1111111111311111111111111111, (111111 11111- ,

111111111111118111111131, 1111(11111111131131111111111111311( ’

11811111 Ionum, 11 1111 111 111 11111111 vom (1111111111 (1111111111
’11111113 1111111311111111 1111 1113111111111 wentam·

1111 111113111111111111111 sind in 11111111 Inue, ἰιι aufem 11111
1111311111 1111111111, nach dem §. 18 (111111 (1111111111 113111.

11111111 lx

81111111111111, (111111111111111111111111113 1111111 1111111111111 1
1111111311111111,11121111111111111111111133111111111, (1111111111131- J

311311 1111111111,111 1111111( 1111111111Η11ι1111111 (111 1111111131111111
Im 11131 1111111111 11111111 11111111 vom 31111111111111111111111111311113
1111111111111, so 111 111111111111111111 11111113 111 (11111111 1113111·

111111 11111111111111111 1111 (11111111111111, worm 111 1111111111131111- '
selben 1111111111 (1111111311111 111 1111 11111111311 1111111111111111111 ”
11113111111 11111. 01 111 11111111111111 In 1111111111111111113 mit 11111 ³
111111111111(11111131111111 1111311111111 (111111111111 311111111111111111 ²
111,1111 das 111131111111111111111 11111111111.11 111111 sulthen 11111 ’·

1111 (111 111311111111 111111111111111111 111 (111111 und 11111 1111111311
11111111 111111111111111111111111111311 111 §. 18 11111111.

11111111 Χ

111 (111 me 11111111 1111111111111 und 11111111111111111 01111111
11111 (111Η111111111 111 111311111111 1111111111 31111111111 (1111111,11
11111 dem 11111111111111111 11111111111111, 111311· 111111 111111111111111
11111111111111111111111 111111111111111 111311Ιί1111 1111111111, 1111111111

¹ 1111113113 11, 11 welhe (111111 (1111111111 111111111113111111111111111,111

111111 1111111111 (11111111 111 ’11111113 (1111111 11 1111111311. 11111 (Ie
’11111113 1113111111111, 11 111 (1111111311111111 3111111111,1111 mit einer
11111111111111111111111 11111111111111111 11111111111111111 dart 111111,
w 11131 (111 1111111111 ’11111 nm 11111111. (1111111111 ς 31 bestimm-
111 811111 111111 111 eino 31111.
· [111111113111111311 1111111111 111 1111311111 1111 1111 1111111111·
111111 ιιι 113111. welche 1ιιι §. 1111 und 1111 (111 1131111111 1113111111
(1111111111111111 1111 ran der 111311113111111111311131111111 1111.

mo 111111 111 1111113111 1111111 sind 111111 1111111111 munchen·

11111111 III.

1111 111111111111111111111111 1111 111 11111131. 11 (11111111 dieses
(111111 11 11111111111111111,111 (111 1111 11311111111111111111131111111 “
11111111111311 11111111 Potentes 1111 5 November 1811,111.111 deo
1111111111-111111,1111111 111111111111111111113111111,1111111
1111 111 (111 (1111131111 (111 1111 11111111, und (11111111 bh 11111 1· 1111111857

 

