117

, 11· 1111111 mm 1111. mi. 1111 11 m 1111111111 rm.
’1111111111 111 menschen 111 1111111111 1111111111 111-1111111111.

Α) 111111 1111111111 111111111111 111111 und 111111 11111111 111 111 11111111 111

1111111111111111111 1111111 11111, 11111111 111, 1111111111111111111 1111111111

· 111111111111111 111-1111111111 1111 mu 11111111 1111 11111 1111111 1111- .
1111 1111 11111 1111111111 11111, 111 111 111111, 111111111111 11111111 111 111111111-
11111811111, 1111111 111111. 1111111111111111111111 1111111111 11111111 1111- ι
1111111111 111 11111 111111111111111111 11111111111111111 11111111111111111
1111111111111111 1111111 11111111, und 1111111111111111111111111 11111111111111

· 11111 1111111111 1111111111, 11111 111111111111111 111111111111111111 1111111111·
’11111 ’1111311 1111 1111111111 1111111111111, 1111111111, 1111 11111111111 1111111
1111111 1111111111, 111 1111 111811111111111111111111111111111111111111111 11-
111111 (11111 1101111111. s. 111 t. - 8. 111). 1111111 1111111111111 111 0111111111
(t 111511 117 fl.) 111111111111111, 1119111111111111111111111 11111111 1111 “
Mur 111111 111111111111111, 111111111111111111111111, 111, 111111111111111111,

· ’11111111111111111111111111 1111111111. 111 111 111111111111111111111 111111111
” Ι111111111 111, 1111111111 1111 111111 1111111111 1111 11111 1111111· 11111111111.
’ ’1111111111 11111111 11111111, 1111 11111111111111111 111111111111111111111111
·-·- 111 1111111111 1111111111·- 111111111111111 1111111 1111111111 11111 1111 11111
’ 1111111111. 11111111111011111111111,1111111111111111111111111111111111 '
' ’111 1111111111 1111111111 11111 11111111 1111 11111111111111111111111, 1111 111111111-
²· 11111111111 111111111 111111111111, 1111111 111111111111111111111111111,1111 ’
·’· ··1111 11111 111 1111111111 11111111 111 1111111111 1111111 1111111111 111111.
· 11111111111111118 111) 11111·)11111 11111111111111111111111 1111111111·
“ 01 1111111 11]11111,1. 1, 111111 1111111111,111111111111111111,111111111111
· 11111 11111111 1111111111 1111 11111 11111111111 11111111111111111111111101
11111111111111,11 111111 1111111111111111111111,11111111111111111111
· ·· 1111111 11111111111111 Es 111 111 11111111 1111111111, 11 111111 1111111111 1111
· 1111 1111811111 111 111111111111111 1111111111 11111111111111 111 1111111 1111
·· 1111111111111 81111111111 111. 1. s. 111 1., 11111111111

“ „mo 1111111111 1111111111 1110111111 111 11111111111111111111111 1111

1111111111 111 11111111111111111111 1111 1111 111111 111 111111· 1111111111

‘uber 1111111. 11 111 11111111111111 1111111 1111111111 zu 111111 01111 111
1111111111 111111111111111 111 111111111111 1111111 11111111, 1111 11111 ,
’11111 1111 11111 1111111 111 111 11111111111111111111111111111, 11 1111111111
111 611111 11111 1111111111 111 1111111111 111 1111111111 (11111Ἷ. 111 111111-
1111111, 111111111111 und 11111111111 111 1111111111111 111111111111 111111
11111111 111 ohne 111 1111111111 111 11111111 11111 1111, 111 111111 1111111 111111·
11111111, 11111 111111111111111111111,111 11111111 11111111111 111 11111111111 ,
111111111111111111 1111111 1111111115 111111 1111 1111· 11111 11111 11111111
1111111111, 11111111111111111111111, 111111 111 11111 1111111111111111111111
Ι1111111 11111 1111111111 111111111111 111, 1111 11111111111111111 11111111111
mn, 111 1111111111111 111 111111111111111111 1111111 11111111; 11111 ver-

.· 11111111 1111,1111 111111111111111111 1111 11111 1111111111111111111 111 1111-
111111 1111111111111, 11 1111111111 1111111111 1111111 111111 1111 1111111111-
111111111111111 1111111111111 11 111111 11111 1111111111 111111 111111 1111111111
11111 1111111111, 1111 111 11111111 1111111111111 1111111111 1111111111 1111111111111,
111 1111111111 111 11111111 1111111111, 1111111111 1111111 111111111111111111111-

’ 111111 1111111111111111111111111111 11111 1111111 111 11111 1111111. 1111111

ἰ11111111 1. 1., ’11 1111111111 11 1111111111 111111 1111111111· 1111111111· 1111 1111111111

·· 11111111 111. tuti. 111ιὴ mm. Ι. p. 8. 111.

 

