151

dig-22 144 (1414444144 14414444,,41414 441 114 1411414444 144 4444144 1141141144. ’
4414444144, 4444 1144 1444141144 44 41114444,141414 44444444144144141411,
144111441441114411114 in diesem 1441444 44414444 und 44414444 4444144 seis
4441414 414144 weit 14144444. 44 1414441444, 1444 11411414114414441444414
111414 mehr 414144414144144 4444144111444, 414 114 1411434441. 11144114 01-
’ 4441144444 4444144 geuugen,¹ um 444 wigen, 4414 4414 1144411414444144 444 144·
4 historischen 141414144144414144.1141441444144,1444 seit 144 4444441414
1444144444 1441414414 114 14414ᾱί44144 1441414444 4411444 114 eiange 4444,
11414144144444414444444.- 1441414144 11. und 34 41444411414441444144
11414144 4444 uber 4441 1441441 144144141114444 444, 114 mm 1441141444 ·
144 114444144144 Canobon 4444144441444444, 44 14444 4141441444444111144
144144. 1444 11441 ennom dnigermnmn 114 44144144414114414411·
411114 1444141444, 114 414444 444 144 1444411144 4444441144 worden 144.1
144· 4141414414· 14414 ,444 441144 in 1441414111444 144 41144441 114 „
. 14141414411441111444144, 114 114 14411141144 (1411441414 emulum
1 Im 1. 11411441 1441414144 44 Titus 1414111 ihm 1441411. 144144 14114144
4 144114 11441414 ammaon, 11144444 SJ. (114144444414, 14411 Τ11441111414444
(11444 144114 144 1411. Paulus 44414144, 14141444 414 4141 44 aus· 111 414 41144
guli 111414ρί singulas 4111 414144444 4444414414 4111444 44 4414414114 1114
141444 44414 1444 1411 Paulus dem ’11444 und Timotheus 114 {mn 441·Ι
¹ 4414114414,4441114444414111411441414141441441444411144411441444147
, (44144444 44114414411441413114 44444144 414114144141141441444414111141
Titus 41444 4414 44444141444 1414141144 4414141144 4141144141441444441144,
‚ 44414444 4441 um 114 1114144414 441114 gmon 1444114444 44 4441444444·
1144444414 44 4414 Timotheus 14 14444 441114 14144144 141444 441, 4141
44 144 141414 44 14144144,,·14,14 44 4144444 14114, 414 iq 1414 4414444 114
14111144 144 1411144144 4444 ihm 141414 1144 114 114414111141441411441414,
³ 4441444 4441 4144 1444414444 14414141414444441444111444441444 11441414
' 4414444. n· finden 44 444 apte 44444441 aar 44444, aare„ m 444
’ 414441114414414444444 ,1444114441 3444114141 vir 4414414411 4144141411·
14344141444441144441144141 um 4144111444 1441411414411144 4114 1114411114
114444· (legend 4444411444 14 144 11444444 4444444434, 1414441 444 amun, 41444
114141414144 1441441144 44,44444444414444,144 44114411144414444114144,
1414144 4141 (114 44441444414144 144· 414444 1114411111, 4441 4441414411 14144
1114141, 141444 er 11414114 1414114444, 1414111441444114111441144414
14141444, 114 11444 1444441444 4484414444 44141441 414444141144414144 44
141444 1444414 44411144 kann· 2) 141 144143144141..114444Τ14111444114 1141
44 ,444 444144411444444 44144 1441444 Rogeln gebunden, 4441414 44, (14441-
, 14441444 ihm 41414441441444413)114411141 4141 4414144444 1144144 μμ
1141441144 4411144414, 114, 114444 (14444444 444344441143441 4144 luris*
1144144 4444411144 wagan 44141144,1441444 414 114 1144441444 11444414414414, 114
J 4111414 14144 4444414444 4141 1144 5414444 411444 14414444444444 1444444 s
² 11444 1444144444 mugen, 441 144 14441114 1441441144 1441444141

’ 44 machon, welche 14144144411444, (1444 11144444414414114414441441414
J 'W' trem 1111· 144441. mmmm 1. 14441. 118

 

