5119 ,

„wind 111111 1111111111 1111111111, 11 11111111 11111111 ihren

Ansprnnh 1111111 1111111 dem 1111311 Manno durch 11111111, 1111111113

oder 1111111 11111111 113111111111 1111111111, und 11111 111111 sind 11111
1111111111 1111111111 1131111111111 111111 111 1111311111111111 1111
111111111111111 im 11111 (111 1. 71 1111111111 Reum-⁸⁴ (1. 77 1111311111)

, nn 11131 (9.11. 111 1111111111, und 10. Fr. 111 (1111111113111) 11
11 (111 1111111111 111111 111111 11311111311111111111 111, 11111 mit einander
1111 111 1111111111 1111111111 111 111 (113111111111111111 111 111 111 11111111.
111111 11131 1111111111 die 81111111111113, 11111 11111111 111 1111111111
1111118111111111 1111111111111311111111111111 3111113111 11111111 donn
,111111111131113 111 111111111111111111111 wem 11111111 durch 1111 1111111-

. 11111111111111311113 111111111111113- eines 31111111 und 11111111111111111 1111111
1111111111 wind, 111111 1111111 111, um 1111 1111111 (111 111 nn 1111111111(ι (5. 18
(1.1111111111113). ’ · · .

1111111111 111111 ’111111 111 1111111113 111 1111111111, 1111 3111111 111
1111 11113ῃ111111113111111111 N. N. 11111111 1111111111 ι1111111111, 1111111111
1111111111 1111 111 11111131111111, 1111111111 das 1111111111 (11111111111111
,1111111111111 01111111111111111111111. 11111111 1111111111 1111 1111111311
1113111111 11111111οά11 11111111 111111111111111111, wind 111111 1111111131113
gegeben, und 1111111 11111 111111 111 311111111111· (ᾖ. 14 1. 1111111113).

’ 11111111 11111- 111 1111 811111131111111 11111111111 - durch
1111111111111113111111111113111111111111, 11111 11 111 111111 und 1131
111131111111111111, 1111 1111 einander 1111111 1111111111 111 11111111, 111
1111111111 1111111111111, 111111 1111 11111111 1111111 11111 11111111 1111 dnn
1111111111 1111111111111111111 31111311 und 1111111111 11111111111113 1111-
3131111111, 1131111111 11111,,111 1111111111111 11111111 [111111111111 1111-
11111111111111111111111, 111 walchen 111 1111111111 su 1111111111 1111111111111
(ς. 1. 11. 1111111113).

,- 1111111111 (1111111111111111111 111111, dass 111 1111 und 11311111311
1111111111 1111111111 3111111111 111111, 1111111111 1111113111,»11111 (11111111
1111111111 111, und den oben 1131111111111 1111111 1111111111 1111 1111111111 ’
(111111 1111111111 1111111131, 3111311 11111, wei! 111111 1111111111111111111111
1111111111111 11111, 111111 1111 nur 11111 dem (1111111 der 1111. Kinna
11111111111111111111111 1111111111, 11 1111111111 111 1111 (11111 3111111111111
1111111111113111311111111111111 11111111 1111111111 11111 und 1111 111111111111
1111111111 111· 1111111 1111111111, 111111 11111 111111 111111 11111111 1111111311
1111111111111111111111 11111 111111111111 und 1111 11111113 11111 1111111111
(11111111 hindam und 1111111 111111, 111111111111111 111, 1111 nun 1111111
11111111111 111 111 1111111111 11111111 111111111 (111111111111 1111111111

· 111111111111111.

11111111113111 1111111111, 1111111111. 111 den 1111113111 111111
· 1111111111 31111111, 11111 dio 1111131113 1111· 1111111111 (11111111 111 1111111111

 

