420

(16661666 616666 66666666 66166666, 666 6666 116616 666 1116666 66166666
6616 666666, 66666 66666166666 666 666661166666 616 [olgtz

Art. 1. Die 1166666 666166666616661666666 6666168666 661666 116-
666616666 6611666366 werden. ’

666. 2. Die Bestimmung des Art. 26 666 6666666666 (1666666, wo-
6666 616 61666616 661666 6616616666 661666 6116166, 6666 66 6166661616-
666666 666 6661366666 30011666166 1666116666 6166666666 666666616666,
6166666666.

Art. 3. 1116 6661666666 666 6166116666 Art. 26 666 6666166666 Ge·-
66166, 666666 616 61666616 661666 (1616616666 661666 666666, 6661661666
Alter von 16616666666616 666666 66661666 het, ist gleichsnlls ausgehoben.

Art. 1. [1666666666 666666 616 6166661616666 (1616616666 im 61166
666 vollen zweiundzwmig 666666 ,6616666 6666 6616 (1616616666 666 mehr
616 66616666666616 666 6661666 616 vierundswanzig 666666 666166 666
heiligen Weihen zugelassen werden, 66 habe 6666 616 ffinwffligmg 661666
mum boigebmht, wie 6616666 durch 616 66666611666611666166 6161616661166
6661666616616666 der 66666 66166 66666116666666116666166 mnfundzwansig
166666 66666666616666 166,

666. 5. Die 6666666666 666 Art. 36 6666666166666 (1666166, 66-
6666 616 (1666666666 666 6616616166 1111666666 1666 166616666666 6666 6666
16666616 61666616 616 666 616666666666666 666 616666116666 6166166
1616666666 66666, 1616616666666. ,

666. 6. [1666616166 soll, 6166666 666 8661666666, 1666161666611666
(166 61666666 16 (1666666611 666 6666666666 (1666166 16666666 66666166
werdon.

1116066661 166666666666666666 616, 666 16666 66666666
- (1666661666 6666661666, demit 66661166666666 666 Une 66616666 werde,

m

Dies sind die Acte der Gesetzgebung‚ 661 616 6166» 666116 6666611611-
liuh, 166116 6166666616666 666 661666116661166661 gegen 666 11166661 666
11661166 661666. 816 6166 66, 616 666 6666661 666 666161666116666, galli-
666166666 Partei 611666. Um 6666 616 6666616666666 1116666616 6666666661-
lang 666666 [66666 6616116616 666 Augen 6616666, 16116666 616 6666 661-
16666, dass 6666166666611166666 666 166611666611666616 616 Ρ6616, 666
61161666 06666 666 661666666661166166666, gegen 616 6166666666 61666 6666-
1611666666 manes, 6166816616, 6166 6666666616, 616 6666 666 6616666666 1166666
66166166 666 6666666666 gegen 666 6166661666 61661166 6666 6116 (6681616166
666Ρ6661661616666666 1116 61666616661166 66616666 661166, 616 666 neum
66, 616 66161666 0661616611 16 866666 666 661611666611666666 661 6666666661-
666166 66666666 661166. 11666166661, 66616 616, 6666 6666666666 616 661666-
11666 6116661166666 6666666666166, dans 66 666 1166666 66 616 6661166611666666
661666 16 666666, 616 zu ihrer Competenz gelwren, 661666666661661166
66666661 habe. 111666 1166116666 666 6666116166666166661616116661666 im

. 1101111166 666 mmmm 11666666 6666116661, 66616666 6666616 Es 11666 61166-

 

