111 1111111111 111 11121111 1111111111,11111 1111 11111 111111-
licha 1111111111 1111111111111. Ν1111 1111111111 der 81111 11111111 11111111
1111111111 1111111111 111111 1111111111111111111111111111, 1111111 11111,
oder weniger 11111Ζ1111111 1111111111, 11 11111111 die 1111111111 sagon

111111 11111 1111111. Ρ111ο111,11]111 11111 11111111111111111111111111
1111,11111111111111111111111111111111111111111111111111111111

Ρ11111 11 11111 1111111111 11111111, 1111111111 111 (111111111111111 1111111111

11111111111111111111111111111111111 11111111111 11111111111111,11111-
11111 111 (1111111 111 1111 Ζ11111111111 111111111111,111111111111111-
1111111 1111011111 1111111111111 1111111111,11111111111111111 (11-
1111111111111111111111111111111111111111111, 1.Β.11111111111,11’1111ἰ1-
1111111111,111116111111111111111111,11111111111111111111111111111
11111111,1111 deswegen 1111 11 11111111111111 8111111111 1111111111,
gagen welche sie 111111,1111111111111111111111111111,1111111111
’ 1111111 011111 11111 11111111 1111111111)111111 1111111 11111 ’1111111
81111(1.Β.811111113111111)11161111111111111111111.“’

1111111 der Gegner gegen 11111 1111111111 111111 111111 1111111-
1111, 11 111 1111 111111111111111111 (5 2211111111 1111111111
1111111111 111 1111111111 11111111 11111.’

11111 aber 111011111111 111111111111 111 Parte} gogm 111111

111111 11111 1111111111, und 111111 11111111 11111111 1111111111ᾙ1111111 ⁵

1111111 ffivmehmung 1111111111111, die Elnwendurg 11 1111111111ι 11
11111111, und 1111 11111111111 deu 1111111111 (1111111111 1111111111. 1111111
1111 1111111113 111111111111111111111 11111 1111111111, so 111111 111111111-
wegen- 1111111 1111111111, dor 8111111111 uberim 11111111111111111.

1111111111 111 11111111, 111 1111111111 111 1111111111 111 Rugum
11 geben, 1111 111 11111 1111111111 daron bostelen, 1111 die 111111 11111
1111111 und 1111111111, 111111 bei 1111111111, 1111111111,11111111 in
1111111111111Ρ11111111111111 1. dgl.

1111 die 111111 11 1111111111 11 111111111111111111111 '
1111111 1111 11111 11 1111· 17, 11 11111111111111111111.
1111111111 1111111111101111111 11 (1111111111 ,8111111111 89: .
11111111 111. Die 11111 111 im 11111111 Π. 1111111111.

111111, 11111111 1111 11111111. 1111111111 ru 1111

(12161 (181θέ 8ῑο 1111811 1011111111 1111. 1111111111 111111111111111111, ·

11111 durch 111111 1111111111, 11 111 1111 1111111111 111 1111111111 1111111111,
sadran 111 1111111111 1111 1111 1111111111· ww 11111111 111111
1111111111 11111111 1111111111, 111 1111 11111111 1111 1111111
111111111111111 gemacht, 11 111 111 1111 111111 11111 111111 1111111111,
11111 111111 111 111111 [11111111 1111 1111111, 1111111111 11111111 11111-
11111111 111111111 ist.

Wenn 111111111 111111 11 1111111111 11111111113μ1111111111111

1111111111,1111111111111 1111111 wieder 111111111111111 111, 99 111 11 1111
1111, 111 1111111, 1111111111

 

