111·

1111111 nito 11111111, imon· 111111 111111 1111111 potiit minui non·
, mitti. 11111111 ninum. 11111111, 111111111, nini 1111111· 1111111111 1111

111 1111111, 11111111111111111111111111111, 11 11111 1111111111111111111111-
11111111 1111111111, 1111111 1111111, 1111111111. . .“

¹²) c. 11. 1. 11 inno 1111111 11. 2.

¹¹) 1111 n 11, 11,11,11, 111111. 111 1111. nn, e„ 111 1111111 11. 1,
ι. 1, to, x. 11 111 eoum 11. 1, c, 11. 11 neamenim 11. nn, 1. 11, x„ 11
11111111111111. 1127, 1. 1, 21,11, 11, 11,11. 1111111111. 11. 28,1. 11
1 1 111 1 11 1111111111 1111111. 1, 1, n. 1, 1,11 11. 1111111111111. 11 1111.
1. 11,1111111 111 (1111111 11111111111111 111 111 1111111111 11111111.

¹⁴) 111 1111111111 11 11111111 c. 11, 1. 1. 21, n 11, 1.11,2,1.11,11, ni, 111.
28, 1. 111 Vitn. 1. 11.

11111211121. 11111111..1.111-1.111.11.2,1.1111.1.21,1111
11111.111-ω111111111111.21,-1.1.1.11.21.

¹⁸) c. 21, 11. i. 21, 1. ii in vito. i. 11. 1111 111111 111.

¹²) 1. 111. 1111111111 11. 21,1. 11 111. ,,...01111 111111111111111 legitimo
111111 11111 11111 111111111111 1111111111 111 1111111,111 iurisdictione 11111
111111. 111 11111 111111111111111,11 1111111111 1111111 11111111 11111111 1111-
111111 negotiu 1111111111, 111 11 1111111111 1111111111, 11 11 11 1111 11111111
1111111111 quoi 111111 1111111111.. .“ c. 11. it. 111111 111111 11. 2.

Ι*)ῦ. 11111.111,11.11111.11111.111.111.111111.1.11. 11111111.ς.1111111 ·

111111 11111111 1111111 nn 111 Augu, 11111 111 11111 (1111 11111111) 111
1111111111, 11111111111 111111, 11111111 11111. 1111 11111111 11111111 (1111111211)
1111 1111111111 mim 1111111 11 andnim 111 1111111111 11111 gili
1111111111 1111111 11111111111111111111 11111111. linter 11111 111111111
1111111.

1111111111. 111. 111. 1. 11, 111 111 nauntnmmnn 1111 1111111113
111111111111111111111111 ι. 1. x. 11 mn 11. 11. ,1111111111 1111-
111111 1111111111 11111111 1111111111 11111111 1111111111 1111111111, inqul-
1111111 11111 11111111111 decerninus, 11111111111111111111 1111111 wignandum
111111 1111111111 11111111111 111, qunti 11 1111111111111111111111111111 11111111
1111111 11111111111111111, 1111111111 1111111111, 1111111111 1111111 111111 1111
1111111111 enoria 11111111, 111 11, 111 11111111 enm 11111111, livent 1111111111·
menn, 11111111111111111111111111111 1111111111.“ (innon. iii. 1. titii.)

”i intructi· 1. 11.

υ)11111 111 11111111 ninii 111111111111 1111111111111, 11111111 1111 ,11111111 111
teian-veti 11111 1111111111 1111111, 1111111111 11. i 11111111111111-
abnieim ist. 1. 1. 11111. 1111. XXX. 11111111,1111111111.,,1111111-
11111111(δ 1. 1111.

¹²) 11111111111111111111111 ς. in Batinnmnen.

η) 1111111111 1. 11. '

²⁴) 11. 1111111-1111111111111. i 111, 111. ·

²⁸) 1181.1111111.1.1.,1. 1.1111111111111111.1.22., 111111. 1. 11. ,

¹⁸) 12111. 111111 11 11 111. 11. 27. „Duobus 1111111111, 11 1111111111, 11111111
1111111111 proterentibus, 11 11 iurisdictione 111111111111111111111, imi 1111
111, 111 111 111111 1111111111, 11111111111 1111111111, puta 111111111κί1, 11111-
inte. 1111 111 tonia-ento, 111 inno inerit pnnnnigntn 11111. i. 11, 111.

Ι 11)Ι1111.1.11. 1111111111111111111111111111111111111111 Ange, 11111111

(11111 111 1111111Ιώ11 unwani-min 11111111111111 menen 111, 11111 111
11111111111111111111111 111 1111111111 11 111111 11111111 nili 111 nnn 1111
111111111111111111111,11 11111111111111111 (11111. 27) 1. 21 1. {nr 11111
1111111111 111 1111111111. 11111111 1111 1111 1. it. 111 1111 111111111111 11111-
111111,1111111111111111111111111111111), 11 nine 11111 1111111111111

 

