20¹7

111111 11111111111 1111 1111111111 1111 1111111111 111 1111111111 1111 111
Promsoranung (1. 113, 111-111 111 lustr.) Ἠ111111 gebim 1111111111, 1111-
1111 111 [1111111111 11111111111 111, 1111111 1111111 1111111111 werden

¹ 1111111(111111.1. 111), 111 1111111111 111 fragm, 1111111 11 1112111111
11 11111111 1111, 111 ΕΙ11111111111111 1111 dom 1111111111 (lustr. 1. 161),

1 1111111 11111 1111111111 8111111 611 (11111111 1111111111 111111 111111

’ 111 1... 1111. 11111111 11111111111111111111 ...11.
1111111111 111 Defensor 111111111111111 (11111. 1. 161), 1111 11 11111111
1111 1111111111, 111 11111111131111111111911111111 zu verlangaen (11111 111
11111. 1. 166 11111111111111111. 111)

e) 111 1111111111 11181111 1111111111 1111111, 11111 11111111 11111
. 111 1111111111 1111111111 1111111111111111 01111111111111111111111.

1. 118111111151111111 111111 11111111011111111111 1111 111 111111111-

1111113 1111111111 werden (11111. 1. 211), 1111 1111161111111111111-
1111111111 11111111111111 1111111 werden 1111111. Fur 11111111113

Ι 111 1111111 11 111111 11111111 1111111 111 11111111,’1111, 11111 311111
³ scheidungen heineswegs 11111111111 1111111111111, 6111 111 111 1111111
“ Seite 1111111 1111111111 111-11111111111111111111 11111 zu sehr erschwert
11111111 1111. 11 einzelnen 1111111111 (wien, Prng) 1111 111 1111111111
(veniris-vium) 1111 1111111111111111111111111111111,111111 1111111111,11
1111111 111111 1111111113111 Fau 111 rau 1111111111 worden (01111111).
1111 111 11111111 111 11111111111111111111111111 11111111 111111 1111111111

l 01111111111111111111,111111111111111211111111. 11101111111-

mh 1111111 rau 111111111111111 Die Functionen 111 [1111111111111-
cumbam sind:

mg 1)111111111111111111111111,1111111111111111111111181111111131-
(J. 1. 211).

3 1) 1111111111111111113 einer Taql‘akrt (1111111111111),11
3 1111111 111 1111111111111111 111 0111111111111 111 1111111111111111111111
, 1112111311 1111 11111111111111111111(11111. 1. 218. 2111, 2211). .

1 1) Η111111 1111111 (11111 1111111111111111) 1111 1111111ι11111 111
;. 111 1111111111 1. 221.)

5 d) 1111111111 111 11111111 111 111111111111 cvlmen 111 11 221),
1 1111111111. 11111111111111, 11111111111111111111111111111111111111111
1 1111111111 kann· 11111111 11111111] 11111 1111111111 1111111111111111 u
v 11. 1111.. 111 1111111111 (s. 111, 111). amn Amabam 111
1 111 1111111111 aber 111 1111111 1111111111, 1111111 111 1111111111 111Η

1 111 uma gih- zm 1111111111 111 1111 111 1111111111 111 11111111
5 1111111111 111111 zu 111111111111 1111111111111111 (1 221 11111.) 1111111

(1111111111 1111111111 11 111 1111111 1111111111 11111 1111111111 11111.
111111111111111111111111 1111111111 111 commissam vom 1113111111 nt

guthem meh vollendung 111 Β1111111111111111 1111 111 comminuar 111
etnim 11111111, 1111111111 111111,11 1111111111.

 

