506

111 11111111 1111111111111111111 ’1111 111111 1111111111 111111111111111

gultige 11111111 1111111113 11111 1111311111 11111111 111111 11 111 1111
111111111111, 1111 ihrer 11111111111111 11111111111111111111111 111111-
derung 11111111111111111 8111111111 1111 11111111 111111111111111111111111111111.
1111111Η1111111111 1111111 1111 111111 1111 fort, 111111111111111111 1111111-
111111 111111 111 1111 ι11111 Richter 1111111111 111, 111 1111 Mutter oder
8111111111 111 1111111111, 1111111111 1111111111111111111111111111111111111 1111111.

Η11111111 1111 1111111111 111 1111111111 (1111111111 11111111111111
- wie 1111111 11111111 11 1111111111 1111111 181111111111111111111
11111111--1111 11111111111111111111 111 1111111111 111 1111111111 11111111
Grada (1. i. 1111 1111111, oder 8111111111, 1111 11111111 (Τ11111).·1111 1111111
Genehwisterkinde 1111111111- und 11111111111, 1111 1111111,1111011111
(011111), 111161111111111111111 111111111111111) 111111111111111111, 11
’11111 durch 11111111111111111111113113111 1111111111 11181111111111111
111 1111111111 [1111111111 1111111111 1111 1111111111 11111111, 111 11111
1111111111111 1111111111 1111111, 11111 11111111 1111 mit einander oimugehen. ι
11111 Ε1111111111111 1111111 §. 111 1. 11111111111111 1111111111 m: „Eine
11111111111111 (1111111111111111111111 111111111111111111111111111111 einr 111
1111111111 1111 1111111111 111111 111111111111111111111 111 1111111 111
miton 11111111- ·
, Der 11111111111111111111111111111111111 11111, dm 11 111111

111111111111 1111111, 11 111 111111111111111111 111 111111111111111111 111

111111111111111111111111 (111111 1111111131.

111118. Frage 111 11111111ψί11 111111111111111, 1111 11111111, Ι1111
111 111111113111111111111, 111111 1111111111111111111 zu 1111111, mit 1111111 111
§· 73 111 1111111111 1111111, welches bestimmt: „Wenn 1111 1111111111.
11111111 111 1111111111 111 §. 121. 111 allgemeinen 11111111111111111111-
111111 111111 (111111 1111111 111 1111111 11111111 geschwfingert 1111111, 11111111
11111 111111111111111111 [1111111111 1111 1111111111 111111111111111111111111,
. 1111 1111111 11111111 1111111 1111111111 111 8111111111 11111111 1111111, 11111111
im Fullo, dass die Scheidung 11111 11111111111111 11111, 111 1111 111 dem
111111111111 (111111111111111111111111111111111 1111111 1111111111111,11111
11111 11111111111111 1111111111] 11111111111111111111 11 11111111 1111111111
1111 11111111111111111111111111111 Scheidung 111 11111 1111 11111111-
1111111111

111111 111· 111 Ζ1111111 111 Schwanqerschaft 1111 1111111111 111111
Witwe oder 1111 Person 11111, deren 11111111 11111111111111 11111 1111111131
Ehe 11111111 worden 111, so 1111111(111117111111111111111) ,11111111
111111111111111 11 einer neuen Ehe 1111111111·

„wird 11111 1111111111 1111111111, 1111111111111 11111 ihren= Anapruch

111 111 1111111 1111 11111111 Manno 11111 1111111111, 1111111111, 1111111111 ·

1111111111111111111111111, 111 11111 Τ11111 11111 1111111111 en 1111-.

 

