1111 walter, 111 11111111111111111111111111 111 11111 112 11111111, ’1111111111
(1. 5. 56) 11 1111111 341, 111 1118111111 (Hofele 1. §- 93) 111 1111111·
1111111341. 1111 111111111111113 111 1113111111 1111111111111111111
1111111111 1111111111 111111 1ο 11111 11111111 1131111111 und 1111111-·
gendo 11111111 111111, 1111 111111111111111111 11111111191111, 11 111
1111111111 1111 1111111111 1111111111 (11111111. Β. 5-14.); 1111111111-
11111311111111111111111111111 1111111 ’11111111 1111111 (1. Β. 8'. 11. 11),
1111 111 11111 11 Persou oder durch 11111 [151111 111 11111111 111111 ·

ᾖ (1. ¹S. wem 1111 ’111 1111111111111111111, 1111111111111111 1113111111

1111111 11311111, 1111111111 111 2111111111 11111111111111111111 1111111111.
(11111111. 5. 14. 1. S. 18-44) 1111 11 11113111111111111111111111
1111111(1.-111)1111111111 11111111181111111111, 111111· 111111 11111111 Ι·
111111 111111 11131ωοί1111 Concilium 11111, 11111111 11111111 3111111111
11111 1) 1111 111 1111111011. 11). 1111111 1111111116. 11811111 8)
1111111111 111 11111111 111 111111111111 11 111 augemeines 0111111111
· 11111 1111111111111111111111111111 Hercle (1. S. 49).

’ '‘V. Die Bedeutuny 111 1111111111- oder Ρ1111111111-ί1111111111 11111111

Dib'ceean-Synoden.

Ρ11111ῂ11111111111111111111111111111 11111111 1111111111 11111, 111 ’
1111111111 11111111 1111111111 1111111111 mm 1111-
111 1111111111, mam gendo 111111 111 111111 1111 111 1111111111 M
111 Κ11111 1111111113 1111111111111111111111111111111. sehr 1111111111 ‘m
11111111 1111111115 111 1111111311 masnade 1111 J· 1111, &eleba
ι 11111111 (onon. 11. naum 11. 1. 1111.) viem agmen 11 111.
1111111111 1111111111111111111, 1111111111111, 11111111111111 11111113 111
dem gmen 0111111111111111, und 11111 11311111, wie die 1111111119, 111
noster 111111 111 0111111111 ’111111 1111111111 111111, 11111 1111 1111111 111113
3111111 1111111. 3111111111 11111111, 11111 1111111 1111111111 11111113111111111, ’
1111111 Tite! 12-11, 111 111111 11111111 1111111111 [1111111111 3111111111
1111111111111111, 111111111111 11111 111 [11111111111111111111111111111 1111
1111111111811111 1111111. 111111 111 1111111 1111111 11111111111. ιι·-
3111111111111 Werke 11 1111111111111111 11111111, wie 1111111111 111 1111-
’ ,111 111 111 11111111 einer memmae 11. 11 11111111 aa μισ
1111111111111111111111 11 111» 11111111. Dutch 111 1111111 111 [1111111111-
1111111 warde gromntb'eils 1111 111 (1111 1111111111111111111111 brt-1

1111111111111111111111111111111 111111111111111111111111111111111. 11111- ,

1111111111 (11 synod. 11111. 1111. cup· 2. enp- 11. 11) beklngte 11111
1111111111 1111 111 11111111111113 111 111111111111111111111111, veleb·
111 (11111111, 1111111111 1111111111 1111111111 1111111111111111111111. wohl
11111 111 1111111111 ’1111111 111111, 111 11 1111111111 111 Sua& 1111111111
(m- 21. 11211111). 1111111111εά11 1111 111111 mmuh-cmm,

1111111111- &windumemanoth-mmmm 1111111 m .

 

