111 '

1111 111111111111111111111 111111111111111111, 1111 111 1111111111τρ
11111 1111111111 111 111311111111 111 11111 11111111 gentilem 11111111 111

1111111111 1111111311 werde, so 111 1111 11 dem compromisso 111111111111.
111111 1111111111 11111111 11111111 1111 111811111 11111 0111111111 111 111

, 111111, 111 11111181111111111111111111 sn berinhtigen. Solltn 1111, ohne
› 1111111111111111 11111111 1111111111111111111 11111111 1111111, 1111111-
11111111111 nn 111 anderes 11111111111111111 1111111, 111111 11111 Be·-
1111111111 111 1111111111 1111111111.

‚ua——
ἡ

1111111111 111 1111111111 111111111111111 11111111111111111-

- 1111111 11 1111111111111111 1111111111 in 1111111111.
(nm nom 11111 1111111111 111 «ne 1111111 nomannorum.)

’ 1111 1111111111 1111111 111111 111111 1111111111 stine: 11111 1111111
heiliga [1111111111 11111111111111111111, 111 von (11111111Ι 1111111111111
(111111111111, 111 111111181111111111 111 (1111111311 111111111111, 1111111
111 1111111, 11111111 1111111 1111111111 ordnung (1111111 11311111 111 1111111
11111111 1111111111 3111111111 1111111111 1111 elne 11111111111111111 1111111,
eine 11111 1111111111, 11111111111 11111111111111111111111 ln 1111111111
111111311111111, 11111 111111111111111111 111 811111. 111 111 11111111,
11111 111 111111111118111111 111 11 111 ’11111ιί11 11111111111 3111111111·
11111, 1111111111111111111, 111111111111111111111131111111111111111111111111-
11111 1111111111 1111111, 1111111111 11111 111 (11111111 11111 111111111111
1111111111111111111211111 111 111111111 ’11111 11 Istcine, 111 1111111111
111 21111111 11111 (11111111, 111 1111111111 11111 1111111111 ordnung in 111.

1111 111 gunzo welt' 111111111111 Gfirintengemnindn nnthwendlge Einninhtung. ‘ Ι

11111 1111111 1111111111, 111 11111111111111111111111 111 11111111,
11111 81111111 1111911111311 11111111 zu hulten 11111111, 1111111111 111 ’
11. Paulus 11111 0111111111 (1. cor. 1, 1) 11111111111111111, 1111111 ’
811111111111111111111111111111111 11111 11 1111 111111 1111111111111111
(11111111111111111111, 1111, 11111 111 111111111111111111 11 1111111111
11111 11111 111111111111 werden kann, 11111 1111311111111111111111 1131-
111111 werde. ·

Zur 11111111111111 1111113111111, 111111 111 1111111111 111111111111
1111 1111111111111111111111111111111111111111, 11111111 111 11111111-

etue.

111 1111 11111111 dem 11. 811111 111 dem 1111111111 0111111111111·
111111111111 concordat 111 1111 1111 1111111111111 111111111111111 111111-
11111 11111111311 geunnen, und 1111. 11111111 1111111111

„Dus 111111111111111111111111111 111 1111111111111111, 1111111111 ’
11111111, 111 Sacramenta, dle getstlnehen Verrichtnngen und 1111111111] geint-
111111 111111 11111111111 1111111111 1111111111 11111111, 111115 1111111111
111111 1111111111 (1111113111111, 1ο wind 11111 111111111 1111111111111

11111111 11111111, 111 11 111 nomn 111111 1111111111111111111111111
um 1111111111 1111111111 11111 11

 

