371

1111111111 111111111111111111111111.1111111111111111111111 11111111-
aeeon 1111111 11111111 1111111 iiie den 1111111111111 111 1111111. 1111111
1111111 111 11111111 1111111111 11111111111111111111111111111111111
111811111111111111 siiess3 11111 1111 1111111 1111111 11 111111111111111
11111111111111111111 1111Η1111111ς, 111111 1111111111111 111· 1111111 ’
111 11111111. nurci den 111111 11111, 11111111 111 11. 1111111111 indie
11111111 1111111, 11111111 1111 111 81111131. Die Zeeriiitung 1111111111111111
wer 11111111, 11111111111111111111111 111111111111111, 1111111111 (111111
1111111 1111 1131111111 1111, 1111 kemite seiger 11 111 11111111 111 11111111
11111111. 1111111111111111(1111111118111111111111, 111111 1111111131 iim
so 11111111111. 1111111111 111 11111111111111111111 111111111111. 1111111-
111111 111 Ρ111111111111 11111111 11 111111 (11111111 anter 11111111. Die
iurchiberen Verwilsiungen‚ welche vomegiiei iiber 91111111111 eigiiigeii⁹
11111111 111 geieiigen Aeiseiiwung 111 legion eedem 1111111111 11111111
11111, 111 Bodingungen des 1111111111 11111111 111 1111111111 zu 1111111. 'sehim
111 Reginae jener 1111111111111111111111111 111 ς1111111111111111 11111 elii.
Aniinglieii 11111111 11111 111111111111111111111111111111, 111111111111
1111 1111 1111111 1111 11 111111111111111111111 1111111111 11111111
11111111, doeh vom 8111111111 111 Ehe 1111111 111111 11111111, 11111111
111, 11 111111 sich 11111 111 1111111 (1111111111, eundern 111 111111 11111
1111111111. 111111 im Gegeniheiie 111 11111111131111111111111111111
Gesinnung‚ 111 11111111 11111111 1111113111, 11111111 111 111 11111111 111-1
11111111111111, 1111111111 1111111111111111111111 eine 11111111101111111
1113111111111111, 1111111111 1111 111 lenge verbereiteieewandei. 11112111-
111111111111111111111111 111111111111111. Diei kemite nieht endere
111 11111111111113 der 1111111111 11111 1111111111, 1111 111 111111 111ῃῖ1111
[11111111111111111 1111 1111111.

11 111111131111111111, welche 1111 11111111 111111 1111111111,
1111113111 11111 11111111 111 gelehrte 11111111 11 111 11111111111111, 1111 111
su 111111 11111 1111111111 Bodingimgen 111 11111111 111111 111. 1111111111·
1111111 11111111, 1111111 1111111111 111· 111 111111111111111111111111111111
1116111111 11111111, 11111111 1111 11111 111, 111111 11111111, 11111111-
11111 1111 lrrgieuiigen 1111111111 11111, 11111111111111111111 111111111111111
Fine 111111 einer geduiieten (1111111111 111111111111, 111111111111111111111
i’ieii 11111111111111 1111 1111111111 111111 111 1111111 (111111 111 eirenes
eusgeeeizi 111. 111 1111111111 111111 111 111 111111111111111, 111111111-
111111111111 1111111311, 111 1111111 11111111 und 111111111 111 8111111
1111111111 1111111) Um 1111 1111113 11 11111111, 11111 1111 in 111

Ἤ

¹) ,1111111111 excipi 1111111111, 111 quibus 1111111111 non 1111111111, 1111111111
elericorum percussores 1111 Catholicis permisti convivunt, 11 1161111111, Gallie,
Polonin5 11 111 enim 11 consuetudine 1111111111111111111111111111111111111111
personae 1111 1111111111, 111111110111111111111111111111111 1111111111-

111111111 periculo in iide 1111111111. Quia 11 1111111111111111 111111 ehem
contractuum civilium ob 1111111111 leges 11 11111111111111111111111111111111
“ tranquillitatem 1111111111 81111. 1111111111111. vii. 1111. ii. 1. i. ’

 

