1. 1 1. 111111111111111111111111111111111111111111. 111111111111111111111111
1111111111, 111111111111111111 111 111111111111111 11111111 111111111111-
1111111 111 werden 11111111, 1111 11111 1111111111111111111 (1111111111 11111
111111111111111 wadon, 11 11111 mn 1111 mu· 1111111111 (0111111111
111111, 11111111). So 1. Β. 111111 111111111311111, Acten 11111 1111111111-
1111111, 81111111311111111 111111111111, 11111111 1111111, 8111111111
111111111111111111111111, 1111111111111 111111 11111111111111 111111
11111111 (1112111, Betriedugnng 111 1111111111111111111111111111111 verdon
11111 1111111111 11111 11111111111111 8111111113 dna-ob 111111111111111111111111
111 (11111111111111111 1111. s. 1. ·

11. Es 111 111 1111111111 (5.1) 1111111) 111 memnones, 11111
1111111111 1111111111 werden 11111, 11111 111 im 1111111111111111111111111111111
111111111111 8111111111111. Weil 1111111111 1111 dem 1111115111 1111111-
11111 1111111111 111111111111ζ111111111111111 nuto, 11111111 111 11111-
11111 1111111111 1111· 1111 1111111, 1111111111 1111111111, 111111 111ὼ111111
1111 su 1111111111 1111111111.

111. 11111 011111111111111 111 1111111111 1111111111 111111111, 111 111·
11111111 111 11111 11111111111111111111111111 in 111 1111111111 1111111
werden jedooh 1111111111 1111111 11111111μί11, von 1111 Aaou 1111111111
11111111 11 1111111111, 1111 1111 miger 111111 1111111111 111 111111, 1111 1111
1111111111 111 (11111111 1111111 211111111111111, 111111111111111111111
1111111111 zu 11111, 111 zu denen sie 11111111111111111 1111111 11111111, ’
oder ’11111 1111111111 vom 1111111111113111111111111. 11111111Ιοί111 11111111
11111111 1111111113 1111 111 11111111 111111111111111101111111111111 1111111,
11111 1111 1111 1111111311, Η11111111111111 1111111111111, 111111111111111-
111111111 1111111111 1111 1111111 111111111111111111 111-11111. 11111111111111111111-
111113111111 des 111111ῐί1111 1111111111, nudem 1111111111111111131111111
1111111111 1111111111111, weil 11 1111 1111111111 1111 1111 1111111 1111111111,
1111111111 (11111111 111 scheidungen 1. 111. 11 1111ιο111111111111111111111, und
11111 1111111111 111 1111111111 1111 Mes 1111111111 1111 111 111111 11111111
1111111111 11111111 111Τ11111111111 11113Ιί11111 11111111 11111111 1111111111. 111 11111
11111111 111 (1111111111113111111 111 1111111111 111 Amtsgeheimnisses 11111-
dingt 1111111111. nass dieses 11111 1111111111 1111111111111,1111111 11-
1111111111111111 1111 11111111 dor 11111111 &gamund 1111 1111111111*-
111111· 11111111111ς 111111 11111131, 11111111 1111111111 1111111 111 1111
1111111 1111111111111 [1111111111 11111111111111.

⁸} c. 111. 12. 3. 11 111 1111111111 11111111 1111111111, 1.) c. 11, x. 11 11111 1111-
1111111111. 1.; 1, 1. 11 musculo 11 11. 11. 11. ,,1111111111, 111 1111111111 11111-
11111, quae 1111111 1111111111 1111111111111111111 111111ι11, ludim mittor·
1111111,11111111111111111111111111111 1111111111111, ,,81 1111111111-
1111 mnam 1111 11111111111111111111 rm 111 1111111111111111, 1111111111
11111111111111111111111 interregna 1111111111 1 111111 mutuo, absquo
1111111111 11111 1111111, 111 111111, 111 1111111111111 11 111111111111111 111111
111111111,11111111 11 mm 1111111111 monogam affl, 1111 confesso.

¹ vom 11, tntum 1111111111 111 jun 111111. 1111 mlum 11111111

 

