w ,

11101111111111111111111113111 1111111111111 1111111111 11111 · ἢ

’1111111111 1111 111111111111111111111111111111 1111111111, 1111111111

bunnam 1111111111 111 [1111111111 111111111111113 11111 11111111 11111 ’

. 1111113111111111111111111111111,11111111111111111111111111 11131
111 0111111111 1111111111 111, 111 11131113111111111311 11111
1111111111 vom 11.111.1111112111115(111111111111111113111111
1111111111.

111 1111 1111111111 11 3111111111 monitum-Commium 111 Em-
1111113 111 nomn 1111111111 11 111 ’1111111111 1111111111, 1111111111
11111111 3111111111111101111131111 111 1111111111 111Ρ111111 1111111111,
11111111 11111111 der 81111131 1111111111 111, 11111 111-1111111111
11111111 111 11111111131111111111-1111111111 11111111ιί113111 811111-

. 1111111311 in 1131111111 nahmen, 11111111· 11111 111 1111111111 zu 11111111
111 dem 0111111111 1111111311 111.
= 111 1111111111 11113111 111 111111. 1111111 11111 0111111131,
11111 em 111 1131111111 1111111111 1111111111311311 11 1111311131
1111111 1111111, er 111111,111 111111 1111111131311311111, 111111
11111111-1111111111111111 1111111311111 3131111113 zu 1111, 1111111
11111111 111 111111·

⁴ ======

mmwwmmmmmmmmewW· 1

mmwmffifflmmnmbmffl
(11111111 1111111111 1113111111 zu 11 1111111111.)

11 111131 1111111131 111 111 1111111311 1111111 11 111111 111111-
3111111 3111111111 11111311, 111 11111 1111111111111 11111111111111 ,
111 11111 111111 111 113111111111 111 111311ῐῆ1111 1111111111 111111-

111111· 11111111111111 11111111311311 11111311111111111111131111111 111 ’

11111 11 111111 Fauen 1111111111131111111111111113 131111,11111 man
1111 1111111111111131111111 1113111111111811111313111111111111111111111
11·.1111111

11111111111113 111 § 11 11 1111111113 11111131111111111111·
1111111 0111111111· ,11111111111311111111111111111111 1111113111- .
111111111 11111 111131111111 walanam, 11 111 111 111111131111111113113
1111111 111 11111111111111 1311111111, 111 1111 111 dem 11111 11113111-
11111111111111111 1111111111ιι -ist 1111 11· 1111111111111111311 ein-

1111111 1111111 nit 811111131111111 111 1111111111 111 111 1111111111- · 1

bundans 1111311111 1111·11111111 81111113111111111111, 11111111 31111
111 11311113111111111113 nn 1111311.

Wer 111111 1112111111 1111111111111113111111, die 1111111111-
tunq 1131111191 111 1111111111 1111111111111311, 1111131111, kann
1111111111, 1111 111 11111111131111112111111 der 1111111 111 3111111
81131111 111 1111111111 111 1111111111 111 1113111111 111 1111111 111111»

 

