000

xlv. 101 0101000100001000 0000010111 000 magmenta 0111101 .
so 101 000 01000110101101000010000-000010010 (01001. 11 0011) 000 ’
0001 1001011 00 00101100. 1110000 101 000 0000 010 Momm 1001011100
11100001011000110 su 001100. 1100111 00101010 0000100000, 00 101101010οῐ
1100000000 0001001100, 000 10000000 uberhaupt 01010 0000001100 0010 010110.

B. 10 00000001001110100111100.

1. Ηο1 000 00110010 0100001000 (1000100 0100 0011110000 1000110- 2
000000 Τ101000100, 001 welche sich die 111000 0111101, 0000000000 01000-
0100000, oder 11001 000 101100, 0000 010 1100000 00001100 unmoglich 101
(0. Β. 10100100100100110000100), 00 101 000 0010010010 0001 100011100οι
0010011000 8110ον0000ώο 010 111000 000 000 1100001100οἰοε 000 1101100100
00 1001010011 zu nehmen, 000 00111000 dem 0100010110 0000010000. 10-
01000110 ς. 212.

11. 1100001101οΠ 101 der 000 §- 211 00010010001100. 110100 000
10000000000000, 0000 .
0) 1100300100 Τ1011, 0010100 010 801010000 0000101001 101, 000 (10000 mr

01000110 01011 1100001, 0000000 010 0101110. 000111, 000
1) 0100 0000110101 grosse 0010101011000000 100100100000 000 80100000
000 11100 000101101110100 0000 000 0000110οη 0101111000 (10110000 0011-
000010000010101, - ’
101 00 00ον ,,Ρο1·101’00“ 000101101, 0101010001 00 000 111000010110001000 011
0001 (1000010 um 801010000 00 000000. Εο 0011111 0001 dem 1100110010οω
00001000 010 0000100000 001001 101001 1110110 0000. 11100 101001 000

0

01000 ,Seite 001000 (10000 00010, 0000 000 1100110001 000 Ζο00011000100 001001
100100010111 wird, 001 000 0000000 01011 00 00001000 01011 im widerspruohe
mit anderen (100000110οῃ, weil der 11001000, 0000 0001 000 0011110100 000 “
0010000οε000ηο 000111 000 000 801010000 01011 0100001011, 011010 kainon
Gmnd 010111, 000 (100001 0100001000, 10000 0100108010111000 001 (10000-
1000 000 1100000111000001100010000 0001010100, 01011 aber die 8010101100
000 0000010100 (10110000 0010100101, 000001010100010110010 01001011, 0000
00010110100000000100 1000 000 000111100000 000 Τ101000100 zu 0001101101

1100101000 1010100000 000 (10000 00 prason, 0001000 010000 010
0000100100ἰο 10100000 101, 0001101000 0001101100 oder 01000 0000000 10100100
mit 000 10000100 000 811100νο0000 (,,001100001000 110000100ομ01) n
1000100000 000 0001 0010101οε001 10000010 mi 111110 000 0000001010
1010000100.

· 1101001001 0011000010 101 aber. wohl - 01010101 10 00010000000000000
010110000011011101 im §. 213 0001101-0101100000010000 000 Pmoun
00001 0001011000 001101 oder 01000 11011. 11000 0100 01000 011000 jn 010
(1001100010 01011 0010001000 1001. 110000000010110101 0000011101, 0000
010 80000110 10100οο000 werdon 00000 (0100 ς. 7 subm). 11000 0100 1100
101000 000 0100 1110101 0011000 10000100· 111000 1000 000 00000, 0001111111
00100 000 der 0000011000, 00000010 01011100 (1011000 00011οο00 mum,

 

