iso

¹) 81111111 1111111111 1111111111 111 Ano. 3. 111 81111111 11111111 111111. 111 111111-
nmo. 8111111111 1. 111, 111 111111,1111111111 1881).

⁰) 11111 111111. ,11111111 111111 vom 11. Aug. 1111, num. 11111, onon. con-
’ 111111 11111, instruction 5. 2 1, Ehegeo. §.2 - 111111111111118.2711., Ι
” 11111111187111.

’ ⁷) 1111111111 1. 122 11.. 8111111111 5. «12 11.

1) 1111111111 s. 111 111 111.

”) 1111111111.111-211. 11111111111111111111111111111111111 11111111, 1111131
1111111, 11111111 11111111 (11111111111111) 11111111 111· 11111111111111111 111111
2111111111 dm 111 111111 11111111111111 111111111 111, 11111111111111, welche·
111111 111111 11111111 1111111111 11111, 11111 111 17111111 11111 gehon.

ι*11111111811111111111111. ,,1)11111111111111“ 515. 11111111111118. 1281, 111
111 weltere ongegoben 111. 2111 gehon 111 11111111111111 111 111 congregotio
011111. conell. 1111.11111η11.,11111111111111 1118111111181111 11111111, 111
1111111 oo 11 111 1111111111 1111111111

Ἱ1111111111111 5. 216-250, 1111111. 5. 23 1.
r ί’11111111111111 211, 1311111. 5 18.

¹⁸} G 1. o. 211111111111111111 11. 17., 11. 7. 11. 11111111. 11111111. 111111.
11. 20. ’

11121111 1111111111 1111111111 111 1. 1111 1817, 111. 111. 111 8111111111111 111
111 1311111111 1111111111 gomizo 111. 12. 8. mv. Cone. 1111. 111111 1111111111
111111111111111111811111111111 1817. 111. 011111111111. 1111111111. 1111, 11111.
1. 111, 111. ’

*Ἷ 111111111111 5 111. Nm· 11111111111111111111111 mon 11111 11111111111111 11112.
111 (cml-J Ehegeoetzeo 111111, 1111 11 11·1111111111111111 1111 1111111 1111111 1111111111,
’ 1111 (o. 1111111 1111111 5. 1) 1111111111111 111111 811111111111111, 11111111 11111111·
1111111111 1111111111 11111111 111111 1111111111 1111111. 111118. 011. 1851111111.
1111111πί11 aher, 11111111 111 ,1111111111111111111 1111 111 11111. 11111 1111
111,,81111111111111“ 111 5. 1111111. 1111. 2 111 noegeo. 11111111 111111 11-
111111111111, eveno 11111 111 11111111 von 5. 111 11111111. 11111111,11111
111111111111111. 1111 111 11111 11111111111111111111, welche 1111111111 nur 1111111
ι11111111 111, 111111 obeo den (legenstond 11111111 11111111

ί’1 1111111111 5. 211, 1111111111 111. 11111111111111118. 15111. 11111111 1111111
-111111 noch 111 111111111111 - 8111111111 1111111111. ’

¹') clm 2. 111111111111. 1. ,mmmmm prorogationem 11111111, quom 1111111111
1111111111 1111111111111111 observatione 1111111111 11111 experientia 1111111111,
111111111111 mocorono 11111111 1111111111, 1111111111, 11 11 111111. .. ., neo 11111
moer 11111·1’111111·1..., eo 1111111111 11111 1111111111, ventilantis, procedi
111111 11 111111 11111111111111 11111 otono, 11 11111 1111111111 mico· 11 fimo, vo-
111111 111 111111 11 1111111 negotio, 111 111111111111, 11111111 1111111 111-11111-
111111111111111 111 1111111.“ 11 o. 1. 11. 1111111111 1111111111 11 1. (11·
1111111. 111.) 111111 11111111 111 1111111111 111111 1111 11111111 1111111111. 1111 111
11 1111311112. 1111111111111111111111111 11 1111111111111, 111 111111
ulto 111 11111111111111111111 111 111111111111111111111 1111111111·1111111111ιι
1111111 1111111111, 111111111111111111 on 111 clem. 111. (2.) de verborum oignonco-
11111 1. 11., welche 11111 1111111111111111111111 1111111111 1111 111111 11111
’111111 momen gnomonem 11111111 111 mertuum 1111111111 werden 1111.
8111111111 „stepo contingit, 11111111111111111111111111, eo 11 1111111 1111111111
ammom 11 11 otono, oc 11111 menen 1111111111 ,111111111111111 1111111111 11
quom 1111111111 1111111111 11111111 1111111111, 11 11111111· 1111111 1111111

 

